22
0 7273 2300 491 7811 4223 7742 7166 8552 4894 6655 3186 4225 2676 422 5113 3419 6910 5216 8673 6523 5823
7273 0 1053 5857 599 7749 2284 9294 623 4245 7525 3744 6334 1174 9468 7057 6385 6367 7562 5431 4040 4952
2300 1053 0 9022 332 1110 5935 6131 6895 9369 6147 317 6176 1157 125 5963 6073 3390 7042 9422 8283 1695
491 5857 9022 0 8270 1208 1122 3899 1674 1825 558 4570 1220 4214 4305 4852 3009 8272 6314 4300 1316 5428
7811 599 332 8270 0 1506 3926 732 3729 3100 2199 3003 6420 7363 8196 9665 9474 3146 8625 4055 6043 6030
4223 7749 1110 1208 1506 0 7953 8810 8312 9441 3344 7431 9702 7568 8630 1018 2914 7432 4033 3759 1762 9951
7742 2284 5935 1122 3926 7953 0 862 3281 7283 2343 2896 4438 1073 6707 8675 7649 1341 2132 1416 5368 9623
7166 9294 6131 3899 732 8810 862 0 176 5786 2777 8648 6059 3220 1310 4314 403 43 6087 7239 8888 5078
8552 623 6895 1674 3729 8312 3281 176 0 861 1867 9640 5983 6565 3589 711 6025 2063 6848 2492 5512 8181
4894 4245 9369 1825 3100 9441 7283 5786 861 0 9704 2398 4604 8633 2819 1675 6717 3924 3336 6668 4241 6818
6655 7525 6147 558 2199 3344 2343 2777 1867 9704 0 6617 9400 797 479 1319 4793 6737 2873 5756 4390 7124
3186 3744 317 4570 3003 7431 2896 8648 9640 2398 6617 0 3515 6041 8916 3894 1172 8955 4513 6427 3602 5027
4225 6334 6176 1220 6420 9702 4438 6059 5983 4604 9400 3515 0 8 7254 2932 9787 5045 2097 2759 3657 1435
2676 1174 1157 4214 7363 7568 1073 3220 6565 8633 797 6041 8 0 5980 5576 3461 2557 9623 1617 1007 8163
422 9468 125 4305 8196 8630 6707 1310 3589 2819 479 8916 7254 5980 0 2841 2705 6724 4425 4152 7213 8811
5113 7057 5963 4852 9665 1018 8675 4314 711 1675 1319 3894 2932 5576 2841 0 1576 8342 4711 882 3970 6170
3419 6385 6073 3009 9474 2914 7649 403 6025 6717 4793 1172 9787 3461 2705 1576 0 1412 3552 9931 2965 2
6910 6367 3390 8272 3146 7432 1341 43 2063 3924 6737 8955 5045 2557 6724 8342 1412 0 7960 1215 5310 9944
5216 7562 7042 6314 8625 4033 2132 6087 6848 3336 2873 4513 2097 9623 4425 4711 3552 7960 0 1677 4431 7542
8673 5431 9422 4300 4055 3759 1416 7239 2492 6668 5756 6427 2759 1617 4152 882 9931 1215 1677 0 6860 9977
6523 4040 8283 1316 6043 1762 5368 8888 5512 4241 4390 3602 3657 1007 7213 3970 2965 5310 4431 6860 0 9277
5823 4952 1695 5428 6030 9951 9623 5078 8181 6818 7124 5027 1435 8163 8811 6170 2 9944 7542 9977 9277 0
